-1.2904292070536854 -1.2904292070536854 
-1.105831417909536 -1.105831417909536 
0.6087516300756377 0.6087516300756377 
-0.05413203236177644 -0.05413203236177644 
-0.7073741004729706 -0.7073741004729706 
-0.761125073158814 -0.761125073158814 
-0.8976206602058823 -0.8976206602058823 
1.2375572685490952 1.2375572685490952 
-0.528998018377115 -0.528998018377115 
0.5336226808426954 0.5336226808426954 
1.4608985246751822 1.4608985246751822 
1.7472095040845619 1.7472095040845619 
0.6951025393424044 0.6951025393424044 
1.1596677519059817 1.1596677519059817 
-0.3925130362028315 -0.3925130362028315 
1.1501307748126508 1.1501307748126508 
1.009872340126769 1.009872340126769 
-1.7069737703290229 -1.7069737703290229 
0.17777826041361422 0.17777826041361422 
-0.5768627815958447 -0.5768627815958447 
-1.594824025442279 -1.594824025442279 
0.7827447339073319 0.7827447339073319 
1.64041400304688 1.64041400304688 
-1.5457502024099683 -1.5457502024099683 
-0.8798394244869132 -0.8798394244869132 
0.9851140403874195 0.9851140403874195 
0.08742124459644751 0.08742124459644751 
-1.3426060096088417 -1.3426060096088417 
0.22971057500939285 0.22971057500939285 
0.5763188330796343 0.5763188330796343 
-1.979950030607323 -1.979950030607323 
1.9369104671073178 1.9369104671073178 
1.0008948305887517 1.0008948305887517 
1.8403445876597777 1.8403445876597777 
-1.5637188412835537 -1.5637188412835537 
0.8817838771188273 0.8817838771188273 
0.0967521450370632 0.0967521450370632 
0.8946308430149021 0.8946308430149021 
0.08804028052660628 0.08804028052660628 
-1.3498697517870908 -1.3498697517870908 
0.9183489719163336 0.9183489719163336 
1.1349804933768968 1.1349804933768968 
0.4934733304086354 0.4934733304086354 
1.2071149366256892 1.2071149366256892 
-0.7328504544842627 -0.7328504544842627 
1.0206571905833757 1.0206571905833757 
0.34154447408118616 0.34154447408118616 
-1.0569268444160356 -1.0569268444160356 
-0.08166455047873189 -0.08166455047873189 
-0.022741718067092354 -0.022741718067092354 
-1.383825389954818 -1.383825389954818 
0.30867517709356607 0.30867517709356607 
0.14201796708277437 0.14201796708277437 
1.343454013034321 1.343454013034321 
0.7563311592414359 0.7563311592414359 
-0.1978129539583997 -0.1978129539583997 
0.5967279471946347 0.5967279471946347 
-1.8119967213501842 -1.8119967213501842 
1.5098195663941807 1.5098195663941807 
0.6674532180991122 0.6674532180991122 
-1.4308765336279574 -1.4308765336279574 
0.4939475612065518 0.4939475612065518 
0.3761559935756882 0.3761559935756882 
-1.0528286678188712 -1.0528286678188712 
-1.4559973206755434 -1.4559973206755434 
1.4458513168572504 1.4458513168572504 
0.1228674678408761 0.1228674678408761 
-0.3233029312887252 -0.3233029312887252 
-1.2321301036123393 -1.2321301036123393 
1.629515144354989 1.629515144354989 
-0.26754849772199574 -0.26754849772199574 
0.9680608748498831 0.9680608748498831 
-0.4249033889576479 -0.4249033889576479 
-1.68705568036638 -1.68705568036638 
0.7479184726404107 0.7479184726404107 
0.9716096824470157 0.9716096824470157 
-0.81398778442116 -0.81398778442116 
-0.18995101816795001 -0.18995101816795001 
0.45515562967435486 0.45515562967435486 
0.4531906615427279 0.4531906615427279 
0.6026666643009562 0.6026666643009562 
-0.7101415821989225 -0.7101415821989225 
-1.9461868600694472 -1.9461868600694472 
-1.9070894391894342 -1.9070894391894342 
1.8968029268444475 1.8968029268444475 
-1.9538344308137598 -1.9538344308137598 
-0.4674267567286665 -0.4674267567286665 
-1.104167731348709 -1.104167731348709 
1.7946873219435533 1.7946873219435533 
0.629301691795161 0.629301691795161 
0.39535453062558545 0.39535453062558545 
-1.477717618802826 -1.477717618802826 
0.1734850589276693 0.1734850589276693 
-0.9368211828566069 -0.9368211828566069 
1.6334534825538314 1.6334534825538314 
-0.16529181624302813 -0.16529181624302813 
-1.3770073176464295 -1.3770073176464295 
-1.9711197022568099 -1.9711197022568099 
1.7385131691273417 1.7385131691273417 
-1.8334210360578553 -1.8334210360578553 
-0.33046610922329167 -0.33046610922329167 
-0.3377344149110564 -0.3377344149110564 
-1.3532768812775404 -1.3532768812775404 
1.3435818407474738 1.3435818407474738 
1.598999695076985 1.598999695076985 
1.308451771979045 1.308451771979045 
-0.7517960639197327 -0.7517960639197327 
-0.9804487443446863 -0.9804487443446863 
1.8160517706798225 1.8160517706798225 
-0.7997522595909721 -0.7997522595909721 
0.12873057266632593 0.12873057266632593 
1.5031100425583452 1.5031100425583452 
1.6766082750242703 1.6766082750242703 
0.1547682117355893 0.1547682117355893 
0.5215835893226681 0.5215835893226681 
-1.3408871065837644 -1.3408871065837644 
-1.223218027492131 -1.223218027492131 
-1.7302105766601064 -1.7302105766601064 
1.5446848783575229 1.5446848783575229 
1.1019140733253852 1.1019140733253852 
0.3595334498438576 0.3595334498438576 
-1.1599275292249578 -1.1599275292249578 
1.1141959315634251 1.1141959315634251 
-1.8265059353725035 -1.8265059353725035 
1.1389358676001757 1.1389358676001757 
-1.087736263348868 -1.087736263348868 
-1.1526608675067207 -1.1526608675067207 
-0.8522780556712148 -0.8522780556712148 
0.9425053142349014 0.9425053142349014 
0.847097201957371 0.847097201957371 
-1.0067106719739871 -1.0067106719739871 
0.10959818770849106 0.10959818770849106 
1.161328171617086 1.161328171617086 
0.9561625826002498 0.9561625826002498 
0.26003977962052405 0.26003977962052405 
-1.3127265795052598 -1.3127265795052598 
1.7332903957339956 1.7332903957339956 
-1.7697727543020005 -1.7697727543020005 
0.88459593408867 0.88459593408867 
-1.642151357398057 -1.642151357398057 
-0.4477704143531218 -0.4477704143531218 
-0.3460860278686688 -0.3460860278686688 
-0.7388811596025042 -0.7388811596025042 
-0.9267452794136823 -0.9267452794136823 
1.01701591602757 1.01701591602757 
1.937376240677478 1.937376240677478 
-0.3959080557311623 -0.3959080557311623 
-0.20214667117897944 -0.20214667117897944 
1.7967545328688677 1.7967545328688677 
1.5167367395150038 1.5167367395150038 
1.3198756567552006 1.3198756567552006 
-0.8866159494215591 -0.8866159494215591 
-1.5891736215609642 -1.5891736215609642 
-1.1540742515614886 -1.1540742515614886 
0.8748048291499648 0.8748048291499648 
1.0568117279532507 1.0568117279532507 
1.9438596678144813 1.9438596678144813 
-1.4175176021315212 -1.4175176021315212 
1.378826035766406 1.378826035766406 
0.7385902941180529 0.7385902941180529 
1.767738030990289 1.767738030990289 
-0.6291241465018289 -0.6291241465018289 
0.7216919666844581 0.7216919666844581 
1.3763161618060793 1.3763161618060793 
1.7966270603028631 1.7966270603028631 
0.4259096952111001 0.4259096952111001 
-0.1441922693661759 -0.1441922693661759 
-1.861524514213205 -1.861524514213205 
-0.00745637963365775 -0.00745637963365775 
0.026700405570967423 0.026700405570967423 
-1.4683694457748508 -1.4683694457748508 
1.6227430329530583 1.6227430329530583 
0.19420061524645194 0.19420061524645194 
0.6799683694745187 0.6799683694745187 
1.1852814438448682 1.1852814438448682 
0.14711829895847073 0.14711829895847073 
-1.4198628724462763 -1.4198628724462763 
0.39391458552169656 0.39391458552169656 
0.1876278838486325 0.1876278838486325 
0.6609334403581646 0.6609334403581646 
-1.9401787784920046 -1.9401787784920046 
0.05814338348620751 0.05814338348620751 
1.1652232619857075 1.1652232619857075 
1.7824752039937493 1.7824752039937493 
0.02650414382098365 0.02650414382098365 
0.1519610633907953 0.1519610633907953 
1.7305327898191911 1.7305327898191911 
1.4764404874209998 1.4764404874209998 
-1.246906931745178 -1.246906931745178 
-1.5746239759493998 -1.5746239759493998 
-0.03217110938522838 -0.03217110938522838 
-0.2291524814339012 -0.2291524814339012 
-0.9354450308961204 -0.9354450308961204 
1.495341319137248 1.495341319137248 
1.537854042768025 1.537854042768025 
0.5760334195759551 0.5760334195759551 
-0.20914488249555774 -0.20914488249555774 
0.4708346307139073 0.4708346307139073 
0.17009113186189317 0.17009113186189317 
0.2904250172295164 0.2904250172295164 
1.3614426153207413 1.36144