0.11787291640298969 0.11787291640298969 
0.027149184242092006 0.027149184242092006 
1.8184487228917197 1.8184487228917197 
0.9042302830042308 0.9042302830042308 
0.09501229460016869 0.09501229460016869 
0.06405138852920306 0.06405138852920306 
0.015984316333114368 0.015984316333114368 
1.9089392491568398 1.9089392491568398 
0.24422247185549423 0.24422247185549423 
1.7471551445591333 1.7471551445591333 
1.7337403811230103 1.7337403811230103 
1.3910408543148824 1.3910408543148824 
1.8852878724004696 1.8852878724004696 
1.9467840779521637 1.9467840779521637 
0.40197689535965886 0.40197689535965886 
1.95052414255276 1.95052414255276 
1.982032038922531 1.982032038922531 
0.5510856257161958 0.5510856257161958 
1.275824574107605 1.275824574107605 
0.19744819473014497 0.19744819473014497 
0.40851786828178105 0.40851786828178105 
1.9357295009646853 1.9357295009646853 
1.5317797841681722 1.5317797841681722 
0.35146095307559 0.35146095307559 
0.01974258497705711 0.01974258497705711 
1.9829071130679063 1.9829071130679063 
1.1330527391194525 1.1330527391194525 
0.15612137044304286 0.15612137044304286 
1.3551384768370613 1.3551384768370613 
1.7891234596857222 1.7891234596857222 
0.9528456733512227 0.9528456733512227 
1.112665104041468 1.112665104041468 
1.9825147793431683 1.9825147793431683 
1.258270393525518 1.258270393525518 
0.37194847108599827 0.37194847108599827 
1.970966978682529 1.970966978682529 
1.1480025873110908 1.1480025873110908 
1.9738296120700394 1.9738296120700394 
1.1340456550237699 1.1340456550237699 
0.1618584115466345 0.1618584115466345 
1.9780838208512703 1.9780838208512703 
1.9560561136127075 1.9560561136127075 
1.7043381634784982 1.7043381634784982 
1.9252597444419262 1.9252597444419262 
0.07950104371352779 0.07950104371352779 
1.981204101260394 1.981204101260394 
1.5158643175773394 1.5158643175773394 
0.015530760809302047 0.015530760809302047 
0.8599266236072518 0.8599266236072518 
0.9549805607654898 0.9549805607654898 
0.1899753688892064 0.1899753688892064 
1.470277695691237 1.470277695691237 
1.2199192404147055 1.2199192404147055 
1.8375561095690989 1.8375561095690989 
1.922412399530451 1.922412399530451 
0.6774099944402114 0.6774099944402114 
1.8078393435483224 1.8078393435483224 
0.6978153898535475 0.6978153898535475 
1.6835342908411888 1.6835342908411888 
1.8657018110938604 1.8657018110938604 
0.23236851221117105 0.23236851221117105 
1.7048622649829959 1.7048622649829959 
1.5621685625717232 1.5621685625717232 
0.01480346372482877 0.01480346372482877 
0.2565748777147052 0.2565748777147052 
1.7483914074990703 1.7483914074990703 
1.189630042744641 1.189630042744641 
0.49410504242212727 0.49410504242212727 
0.08150010471480962 0.08150010471480962 
1.545355033311187 1.545355033311187 
0.5732645520373849 0.5732645520373849 
1.9826748024775147 1.9826748024775147 
0.36149289778448185 0.36149289778448185 
0.5246192530070892 0.5246192530070892 
1.917827457438051 1.917827457438051 
1.9827794544026782 1.9827794544026782 
0.040200418816042804 0.040200418816042804 
0.6894545140344541 0.6894545140344541 
1.6605896932553132 1.6605896932553132 
1.658273053577879 1.658273053577879 
1.8131184176189805 1.8131184176189805 
0.09325477088682704 0.09325477088682704 
0.8999380929056064 0.8999380929056064 
0.8396104345954277 0.8396104345954277 
1.1740037662215288 1.1740037662215288 
0.9118592993940241 0.9118592993940241 
0.3111309503968498 0.3111309503968498 
0.026665493697379916 0.026665493697379916 
1.3244068085667633 1.3244068085667633 
1.83585575601032 1.83585575601032 
1.5870497874158025 1.5870497874158025 
0.2783562970182235 0.2783562970182235 
1.269162946411919 1.269162946411919 
0.010347065515103893 0.010347065515103893 
1.5404675141777062 1.5404675141777062 
0.7275734460710919 0.7275734460710919 
0.18415997217340885 0.18415997217340885 
0.9389405208735915 0.9389405208735915 
1.4029918874828453 1.4029918874828453 
0.7290901311724607 0.7290901311724607 
0.4842378336136338 0.4842378336136338 
0.4743008351565647 0.4743008351565647 
0.1645834804011631 0.1645834804011631 
1.837456735132954 1.837456735132954 
1.5825215254806617 1.5825215254806617 
1.863593601813376 1.863593601813376 
0.06894257218878946 0.06894257218878946 
0.008338530284652756 0.008338530284652756 
1.2936979616658522 1.2936979616658522 
0.04597466656147636 0.04597466656147636 
1.198926489870577 1.198926489870577 
1.690647530174339 1.690647530174339 
1.4856079367864934 1.4856079367864934 
1.2399568874871296 1.2399568874871296 
1.7346501793382165 1.7346501793382165 
0.15477826690767638 0.15477826690767638 
0.07655089708544771 0.07655089708544771 
0.5825394202663947 0.5825394202663947 
1.6454479445276684 1.6454479445276684 
1.9663659535816096 1.9663659535816096 
1.5401568726592763 1.5401568726592763 
0.04621345626589268 0.04621345626589268 
1.9628208130862617 1.9628208130862617 
0.7189501165770801 0.7189501165770801 
1.9546605131267523 1.9546605131267523 
0.022221293626267014 0.022221293626267014 
0.04327944819103968 0.04327944819103968 
0.027052103132429672 0.027052103132429672 
1.9810446034151084 1.9810446034151084 
1.9612765223712239 1.9612765223712239 
0.009280278099267847 0.009280278099267847 
1.1685213126787273 1.1685213126787273 
1.9461126710880607 1.9461126710880607 
1.9821075176566332 1.9821075176566332 
1.4002234579387005 1.4002234579387005 
0.13357474375008005 0.13357474375008005 
1.410129937852812 1.410129937852812 
0.6374500571201025 0.6374500571201025 
1.9716271390055216 1.9716271390055216 
0.4667194296278009 0.4667194296278009 
0.3340053219110698 0.3340053219110698 
0.46297783893487365 0.46297783893487365 
0.07604939650710363 0.07604939650710363 
0.011448675364581273 0.011448675364581273 
1.981513854578638 1.981513854578638 
1.1119462013422505 1.1119462013422505 
0.3976509374199497 0.3976509374199497 
0.6707945821221386 0.6707945821221386 
1.3214543819849003 1.3214543819849003 
1.6761269747164331 1.6761269747164331 
1.8553545334462604 1.8553545334462604 
0.01822175860203612 0.01822175860203612 
0.40177301132235144 0.40177301132235144 
0.043841131609991146 0.043841131609991146 
1.9692472840343977 1.9692472840343977 
1.976465922076354 1.976465922076354 
1.1019243565756265 1.1019243565756265 
0.2199362151712737 0.2199362151712737 
1.8088937900562954 1.8088937900562954 
1.9125504139877243 1.9125504139877243 
1.362511500328303 1.362511500328303 
0.1519063632687587 0.1519063632687587 
1.9024756300544203 1.9024756300544203 
1.8110037477163698 1.8110037477163698 
1.321636559639273 1.321636559639273 
1.6253971426379223 1.6253971426379223 
0.7605627452707798 0.7605627452707798 
0.7707292295207406 0.7707292295207406 
0.9797442385818441 0.9797442385818441 
1.035096202523122 1.035096202523122 
0.2688864046376628 0.2688864046376628 
1.5537113694571394 1.5537113694571394 
1.3011675614627534 1.3011675614627534 
1.8747820957836498 1.8747820957836498 
1.9357634469897629 1.9357634469897629 
1.2279477130081975 1.2279477130081975 
0.22209638162127365 0.22209638162127365 
1.5852042480053468 1.5852042480053468 
1.291051645075267 1.291051645075267 
1.8608315148071537 1.8608315148071537 
0.890599401787922 0.890599401787922 
1.0859385572711244 1.0859385572711244 
1.9445141565298656 1.9445141565298656 
1.3417634819608784 1.3417634819608784 
1.0347783525076515 1.0347783525076515 
1.2355547464698813 1.2355547464698813 
1.413886744042625 1.413886744042625 
1.7182114571729061 1.7182114571729061 
0.09006725673858207 0.09006725673858207 
0.38461219583556716 0.38461219583556716 
0.9397167845189244 0.9397167845189244 
0.629975713649049 0.629975713649049 
0.010483374172349347 0.010483374172349347 
1.6987946640570784 1.6987946640570784 
1.6530559616567058 1.6530559616567058 
1.7888554725803305 1.7888554725803305 
0.6601487036124308 0.6601487036124308 
1.6788218668519743 1.6788218668519743 
1.263886485724324 1.263886485724324 
1.4443362563777629 1.4443362563777629 
1.8232699911541919 1.8232699911541919 
1.786168633681559 1.786168633681559 
0.3868620221436969 0.3868620221436969 
0.6095061017800945 0.60950